455
#########
11
116
88
28
30
37
#########
20
116
85
35
41
48
#########
28
116
79
24
57
46
#########
11
111
83
28
22
41
#########
20
111
90
24
50
50
#########
28
111
83
46
41
48
#########
11
106
99
24
37
33
#########
20
106
77
22
50
44
#########
28
106
99
30
48
55
#########
11
101
96
24
85
61
#########
20
101
59
26
50
55
#########
28
101
81
33
50
50
#########
11
96
94
28
46
50
#########
20
96
85
33
26
35
#########
28
96
85
33
35
30
#########
11
91
96
33
35
33
#########
20
91
99
37
41
33
#########
28
91
99
39
50
41
#########
11
86
94
33
33
26
#########
20
86
94
30
30
26
#########
28
86
99
46
30
26
#########
11
81
99
26
17
28
#########
20
81
99
35
35
33
#########
28
81
99
44
37
33
#########
11
76
99
33
28
28
#########
20
76
99
33
33
26
#########
28
76
99
66
39
30
#########
11
71
99
35
19
22
#########
20
71
99
37
28
22
#########
28
71
96
48
33
30
#########
11
66
99
28
13
6
#########
20
66
99
35
11
26
#########
28
66
99
57
8
22
#########
11
61
99
48
8
-1
#########
20
61
99
50
15
26
#########
28
61
99
61
15
26
#########
11
56
99
37
8
-1
#########
20
56
99
40
11
-1
#########
28
56
99
57
39
-1
#########
11
51
99
48
15
30
#########
20
51
99
59
11
-1
#########
28
51
99
48
13
-1
#########
11
46
99
44
24
-1
#########
20
46
99
48
11
-1
#########
28
46
81
57
19
-1
#########
11
41
99
52
13
-1
#########
20
41
94
68
24
-1
#########
28
41
94
57
19
-1
#########
11
35
99
50
19
-1
#########
20
35
85
41
8
-1
#########
28
35
96
52
8
26
#########
11
29
94
35
26
-1
#########
20
29
81
37
33
-1
#########
28
29
99
50
33
-1
#########
11
23
90
28
13
-1
#########
20
23
77
19
-1
-1
#########
28
23
88
50
13
-1
#########
11
17
99
37
13
-1
#########
20
17
72
48
4
-1
#########
28
17
88
46
13
-1
#########
11
12
77
28
6
-1
#########
20
12
88
28
8
-1
#########
28
12
99
48
8
-1
#########
11
7
88
28
11
-1
#########
20
7
72
33
-1
-1
#########
28
7
74
39
-1
-1
#########
45
116
65
33
63
47
#########
60
116
48
57
52
56
#########
45
111
56
32
54
42
#########
60
111
40
48
79
60
#########
45
106
55
46
85
88
#########
60
106
61
26
79
71
#########
45
101
59
37
93
77
#########
60
101
50
29
80
75
#########
45
96
85
50
71
63
#########
60
96
61
59
87
75
#########
45
91
72
50
74
61
#########
60
91
68
39
50
38
#########
45
86
78
59
64
51
#########
60
86
86
61
72
61
#########
45
81
72
74
68
46
#########
60
81
71
73
80
54
#########
45
76
90
59
50
46
#########
60
76
81
81
72
60
#########
45
71
69
59
57
29
#########
60
71
84
68
61
45
#########
45
66
73
27
66
31
#########
60
66
69
63
57
34
#########
45
61
99
59
30
22
#########
60
61
67
77
62
44
#########
45
56
79
92
58
37
#########
60
56
94
76
27
24
#########
45
51
57
81
34
37
#########
60
51
91
84
30
20
#########
45
46
65
47
36
31
#########
60
46
65
47
36
31
#########
45
41
95
81
26
22
#########
60
41
77
45
48
34
#########
60
35
67
81
33
34
#########
60
29
42
85
41
35
#########
60
23
43
83
30
36
#########
60
17
31
70
26
27
#########
60
12
35
70
33
-1
#########
66
11
14
40
22
-1
#########
71
11
8
41
38
-1
#########
66
17
19
45
26
-1
#########
71
17
12
46
43
-1
#########
66
23
35
57
33
-1
#########
71
23
18
55
44
-1
#########
66
29
29
73
22
35
#########
71
29
41
45
40
31
#########
66
35
41
78
50
39
#########
71
35
46
59
41
28
#########
66
41
53
45
34
39
#########
71
41
84
73
43
44
#########
66
46
60
97
45
43
#########
71
46
79
88
35
24
#########
66
51
58
97
51
44
#########
71
51
53
95
46
36
#########
66
56
55
88
42
44
#########
71
56
54
81
59
45
#########
66
61
71
86
48
45
#########
71
61
77
97
51
48
#########
66
66
83
35
61
55
#########
71
66
95
92
69
43
#########
66
71
62
34
62
38
#########
71
71
64
39
72
46
#########
66
76
75
68
58
58
#########
71
76
70
74
68
61
#########
66
81
64
67
71
72
#########
71
81
64
67
70
61
#########
66
86
50
61
72
50
#########
71
86
57
55
73
44
#########
66
91
59
42
92
67
#########
71
91
53
68
92
96
#########
66
96
41
66
81
90
#########
71
96
36
99
99
87
#########
83
96
33
53
70
90
#########
71
101
43
24
79
76
#########
83
101
43
27
71
80
#########
71
106
40
38
72
55
#########
83
106
44
41
72
62
#########
71
111
39
41
79
67
#########
83
111
35
39
78
62
#########
71
116
33
24
50
99
#########
83
116
28
42
42
99
#########
108
96
34
41
49
95
#########
123
96
22
28
37
93
#########
108
101
39
49
66
99
#########
123
101
37
38
62
99
#########
108
106
19
40
53
89
#########
123
106
24
33
25
90
#########
108
111
19
33
35
90
#########
123
111
10
26
42
92
#########
108
116
10
12
36
81
#########
137
109
-1
26
37
93
#########
146
109
-1
19
24
80
#########
137
103
-1
10
53
99
#########
146
103
-1
-1
22
90
#########
137
97
-1
-1
38
99
#########
146
97
-1
-1
36
99
#########
137
91
-1
37
22
94
#########
146
91
-1
-1
19
82
#########
137
85
-1
35
13
90
#########
146
85
-1
17
17
83
#########
137
79
-1
13
15
96
#########
146
79
-1
12
13
66
#########
137
74
16
3
17
94
#########
146
74
-1
10
14
59
#########
137
69
-1
26
24
99
#########
146
69
-1
13
6
63
#########
137
64
-1
28
15
68
#########
146
64
-1
12
19
69
#########
137
59
-1
31
22
65
#########
146
59
-1
28
4
57
#########
137
54
-1
26
6
74
#########
146
54
-1
22
-1
38
#########
137
49
-1
33
13
59
#########
146
49
-1
13
11
40
#########
137
44
-1
26
9
51
#########
146
44
-1
10
8
52
#########
137
39
-1
44
2
53
#########
146
39
-1
41
1
34
#########
137
34
-1
-1
17
47
#########
146
34
-1
15
6
34
#########
157
109
-1
-1
9
76
#########
166
109
-1
-1
4
64
#########
175
109
-1
-1
3
61
#########
157
103
-1
21
-1
64
#########
166
103
19
-1
4
62
#########
175
103
5
-1
3
64
#########
157
97
-1
6
6
73
#########
166
97
-1
12
2
75
#########
175
97
13
-1
8
74
#########
157
91
19
22
14
99
#########
166
91
-1
-1
27
84
#########
175
91
-1
-1
6
56
#########
157
85
26
22
6
63
#########
166
85
-1
-1
8
52
#########
175
85
19
-1
4
66
#########
157
79
-1
-1
-1
68
#########
166
79
-1
13
-1
57
#########
175
79
-1
-1
-1
57
#########
157
74
15
-1
-1
61
#########
166
74
4
5
-1
59
#########
175
74
-1
15
-1
44
#########
157
69
-1
19
-1
56
#########
166
69
-1
-1
-1
50
#########
175
69
-1
-1
-1
46
#########
157
64
-1
27
-1
57
#########
166
64
-1
-1
-1
50
#########
175
64
17
-1
-1
50
#########
157
59
-1
22
-1
55
#########
166
59
-1
-1
-1
39
#########
175
59
7
-1
-1
44
#########
157
54
-1
8
-1
52
#########
166
54
-1
-1
-1
37
#########
175
54
-1
8
-1
39
#########
157
49
13
22
-1
43
#########
166
49
7
8
-1
30
#########
175
49
11
22
-1
35
#########
157
44
4
19
-1
33
#########
166
44
6
-1
-1
33
#########
175
44
-1
13
-1
35
#########
157
39
5
20
-1
38
#########
166
39
-1
8
-1
26
#########
175
39
-1
15
-1
30
#########
157
34
-1
12
-1
31
#########
166
34
-1
5
-1
26
#########
175
34
-1
7
-1
29
#########
13
101
14
44
49
91
#########
21
101
28
53
43
79
#########
29
101
37
54
52
93
#########
13
97
28
52
75
99
#########
21
97
38
52
48
97
#########
29
97
36
55
48
99
#########
13
93
28
48
54
80
#########
21
93
20
47
48
95
#########
29
93
46
64
52
96
#########
13
89
28
42
93
81
#########
21
89
15
35
50
80
#########
29
89
13
39
62
92
#########
13
85
13
24
83
72
#########
21
85
10
26
70
82
#########
29
85
20
48
77
97
#########
13
81
-1
33
83
83
#########
21
81
-1
15
79
70
#########
29
81
2
23
74
79
#########
13
77
-1
17
63
70
#########
21
77
-1
13
66
61
#########
29
77
13
33
42
85
#########
13
73
8
22
63
70
#########
21
73
-1
13
28
57
#########
29
73
2
23
73
89
#########
13
69
-1
13
64
57
#########
21
69
-1
11
61
57
#########
29
69
4
27
92
83
#########
13
65
-1
22
85
82
#########
21
65
-1
15
70
99
#########
29
65
-1
16
96
63
#########
13
61
-1
11
85
63
#########
21
61
-1
18
96
36
#########
29
61
-1
24
46
68
#########
13
57
-1
8
92
50
#########
21
57
-1
11
94
99
#########
29
57
-1
19
94
99
#########
13
53
8
14
99
56
#########
21
53
-1
1
99
99
#########
29
53
-1
9
88
39
#########
44
101
33
70
50
97
#########
60
101
52
81
83
79
#########
44
97
74
87
41
99
#########
60
97
72
99
57
99
#########
44
93
42
76
55
80
#########
60
93
55
99
66
90
#########
46
89
31
79
32
92
#########
60
89
30
88
72
92
#########
46
85
17
48
59
79
#########
60
85
35
69
74
82
#########
46
81
33
36
81
64
#########
60
81
19
59
57
59
#########
46
77
16
59
79
59
#########
60
77
22
71
38
53
#########
46
73
23
53
76
99
#########
60
73
17
34
76
55
#########
46
69
30
63
77
87
#########
60
69
37
54
77
54
#########
46
65
26
28
96
50
#########
60
65
26
59
85
89
#########
46
61
20
40
45
46
#########
60
61
26
46
94
57
#########
46
57
2
15
88
30
#########
60
57
18
46
77
47
#########
34
45
-1
12
99
41
#########
46
45
0
22
99
46
#########
60
45
-1
15
85
79
#########
34
41
-1
11
99
26
#########
46
41
-1
4
79
28
#########
60
41
-1
26
83
41
#########
34
37
-1
15
87
68
#########
46
37
4
7
90
-1
#########
60
37
-1
44
74
24
#########
60
32
6
40
85
41
#########
60
27
1
33
91
-1
#########
60
22
-1
39
70
-1
#########
60
17
8
39
63
-1
#########
60
12
5
36
25
-1
#########
60
5
6
41
48
-1
#########
70
101
74
77
46
77
#########
84
101
81
57
58
70
#########
70
97
45
85
44
64
#########
84
97
73
88
61
59
#########
70
93
53
81
73
58
#########
84
93
71
58
48
57
#########
70
89
68
63
42
66
#########
84
89
78
50
60
52
#########
70
85
35
52
74
63
#########
84
85
69
55
49
68
#########
70
81
42
46
45
35
#########
84
81
61
50
46
44
#########
70
77
24
33
61
17
#########
84
77
68
48
50
38
#########
70
73
45
38
63
40
#########
84
73
58
37
58
32
#########
70
69
74
33
32
37
#########
84
69
53
40
59
20
#########
70
65
27
35
41
27
#########
84
65
70
37
81
30
#########
70
61
25
27
69
61
#########
84
61
41
35
62
32
#########
67
57
22
26
42
-1
#########
73
57
40
19
68
23
#########
67
51
13
26
96
23
#########
73
51
19
13
92
-1
#########
67
45
14
28
72
26
#########
73
45
22
35
71
22
#########
67
39
34
31
88
0
#########
73
39
50
32
85
-1
#########
67
33
52
26
68
10
#########
73
33
36
28
82
25
#########
67
27
23
22
63
10
#########
73
27
29
16
73
33
#########
67
21
22
11
48
-1
#########
73
21
31
26
55
22
#########
67
15
4
11
49
-1
#########
73
15
17
14
57
-1
#########
67
11
8
8
39
-1
#########
73
11
16
19
45
-1
#########
67
7
-1
20
55
-1
#########
73
7
-1
26
38
-1
#########
105
111
73
79
34
55
#########
119
111
52
45
-1
50
#########
133
111
63
28
-1
48
#########
147
111
56
37
-1
42
#########
161
111
43
36
-1
44
#########
105
106
80
44
-1
51
#########
119
106
52
21
-1
14
#########
133
106
49
21
-1
39
#########
147
106
24
28
-1
44
#########
161
106
46
26
-1
35
#########
105
101
99
50
26
75
#########
119
101
58
26
-1
51
#########
133
101
53
23
-1
37
#########
147
101
28
18
-1
17
#########
161
101
48
33
-1
26
#########
105
96
99
56
46
54
#########
119
96
60
32
-1
46
#########
133
96
44
22
-1
40
#########
147
96
30
15
-1
31
#########
161
96
50
37
-1
24
#########
105
91
93
35
-1
87
#########
119
91
39
21
-1
21
#########
133
91
50
31
-1
18
#########
147
91
39
18
-1
-1
#########
161
91
32
27
-1
-1
#########
105
86
94
48
-1
75
#########
119
86
48
29
-1
28
#########
133
86
45
22
-1
10
#########
147
86
50
28
-1
22
#########
161
86
50
33
-1
-1
#########
60
27
37
-1
64
55
#########
69
27
20
98
9
48
#########
78
27
38
-1
34
46
#########
60
33
39
-1
-1
51
#########
69
33
38
-1
13
22
#########
78
33
48
-1
5
33
#########
60
39
45
-1
21
52
#########
69
39
35
-1
28
57
#########
78
39
52
-1
39
40
#########
60
45
39
-1
49
56
#########
69
45
18
-1
57
46
#########
78
45
58
-1
47
42
#########
60
51
55
12
41
66
#########
69
51
55
-1
28
45
#########
78
51
65
-1
63
80
#########
60
57
55
40
68
70
#########
69
57
68
42
66
64
#########
78
57
70
22
52
97
#########
60
71
49
10
64
80
#########
73
71
74
41
63
71
#########
86
71
99
24
86
56
#########
60
77
66
33
82
85
#########
73
77
71
36
87
68
#########
86
77
95
57
89
57
#########
60
83
65
32
95
79
#########
73
83
59
30
68
67
#########
86
83
82
57
78
64
#########
60
89
67
28
81
97
#########
73
89
65
45
82
69
#########
86
89
97
50
77
71
#########
60
95
68
41
66
99
#########
73
95
74
48
74
91
#########
86
95
90
64
96
83
#########
60
101
88
48
99
97
#########
73
101
97
57
92
79
#########
86
101
99
66
99
74
#########
135
53
47
82
50
48
#########
151
53
33
58
41
-1
#########
167
53
31
50
28
-1
#########
135
58
46
93
33
-1
#########
151
58
26
48
10
-1
#########
167
58
24
44
17
-1
#########
135
63
37
93
40
-1
#########
151
63
28
67
17
-1
#########
167
63
19
49
19
-1
#########
135
68
14
62
63
-1
#########
151
68
24
55
18
-1
#########
167
68
10
59
26
-1
#########
135
73
47
90
44
-1
#########
151
73
40
63
24
-1
#########
167
73
28
72
24
-1
#########
135
78
52
97
37
-1
#########
151
78
30
76
17
-1
#########
167
78
28
63
19
-1
#########
135
83
54
98
49
-1
#########
151
83
33
74
53
-1
#########
167
83
36
72
-1
-1
#########
135
88
45
99
99
-1
#########
151
88
33
68
11
-1
#########
167
88
33
77
26
-1
#########
135
93
52
99
50
-1
#########
151
93
32
88
99
-1
#########
167
93
30
69
45
-1
#########
135
98
57
99
34
17
#########
151
98
30
83
17
-1
#########
167
98
41
71
30
-1
#########
135
103
65
99
76
38
#########
151
103
56
99
49
20
#########
167
103
40
81
14
-1
#########
135
108
74
99
73
30
#########
151
108
41
70
24
-1
#########
167
108
52
90
24
-1
#########
135
113
77
99
66
37
#########
151
113
52
95
25
37
#########
167
113
41
69
83
19
#########