455
#########
1
3
#########
0
2
#########
1
5
66
#########
0
4
6
#########
3
5
#########
2
4
8
68
#########
3
7
9
#########
6
8
#########
5
7
11
70
#########
6
10
12
#########
9
11
#########
8
10
14
72
#########
9
13
15
#########
12
14
#########
11
13
17
74
#########
12
16
18
#########
15
17
#########
14
16
20
76
#########
15
19
21
#########
18
20
#########
17
19
23
78
#########
18
22
24
#########
21
23
#########
20
22
26
80
#########
21
25
27
#########
24
26
#########
23
25
29
82
#########
24
28
30
#########
27
29
#########
26
28
32
84
#########
27
31
33
#########
30
32
#########
29
31
35
86
#########
30
34
36
#########
33
35
#########
32
34
38
88
#########
33
37
39
#########
36
38
#########
35
37
41
90
#########
36
40
42
#########
39
41
#########
38
40
44
92
#########
39
43
45
#########
42
44
#########
41
43
47
94
#########
42
46
48
#########
45
47
#########
44
46
50
96
#########
45
49
51
#########
48
50
#########
47
49
53
#########
48
52
54
#########
51
53
#########
50
52
56
#########
51
55
57
#########
54
56
#########
53
55
58
#########
54
58
60
#########
57
59
#########
56
58
61
#########
57
61
63
#########
60
62
#########
59
61
64
#########
60
64
#########
63
65
#########
62
64
#########
2
67
#########
66
69
144
#########
5
69
#########
67
68
71
142
#########
8
71
#########
69
70
73
140
#########
11
73
#########
71
72
75
138
#########
14
75
#########
73
74
77
135
#########
17
77
#########
75
76
79
133
#########
20
79
#########
77
78
81
131
#########
23
81
#########
79
80
83
129
#########
26
83
#########
81
82
85
127
#########
29
85
#########
83
84
88
125
#########
32
87
#########
85
86
91
123
#########
35
89
#########
87
88
94
121
#########
38
91
#########
89
90
96
119
#########
41
93
#########
91
92
98
117
#########
44
95
#########
93
94
100
115
#########
47
97
#########
95
96
98
113
#########
97
99
111
#########
98
100
109
#########
99
101
107
#########
100
102
105
#########
101
103
#########
102
104
#########
103
106
#########
101
106
#########
104
105
108
#########
100
108
#########
106
107
110
#########
99
110
#########
108
109
112
#########
98
112
#########
110
111
114
#########
97
114
#########
112
113
116
#########
95
116
#########
114
115
118
#########
93
118
#########
116
117
120
#########
91
120
#########
118
119
122
#########
89
122
#########
120
121
124
#########
87
124
#########
122
123
126
#########
85
126
#########
124
125
128
#########
83
128
#########
126
127
130
#########
81
130
#########
128
129
132
#########
79
132
#########
130
131
134
#########
77
134
#########
132
133
136
#########
75
136
#########
134
135
137
#########
136
139
146
#########
73
139
#########
137
138
141
148
#########
71
141
#########
139
140
143
150
#########
69
143
#########
141
142
145
152
#########
67
145
#########
143
144
154
#########
137
147
148
#########
146
161
#########
139
149
150
#########
148
159
#########
141
151
152
#########
150
157
#########
143
150
153
#########
152
155
#########
145
152
#########
153
156
157
#########
155
185
#########
151
157
158
159
#########
157
188
#########
149
159
160
161
#########
159
191
#########
147
161
162
163
#########
161
194
#########
161
164
165
#########
163
197
#########
163
166
167
#########
165
200
#########
165
168
169
#########
167
203
#########
167
170
171
#########
169
206
#########
169
172
173
#########
171
209
#########
171
174
175
#########
173
212
#########
173
176
177
#########
175
215
#########
175
178
179
#########
177
218
#########
177
180
181
#########
179
221
#########
179
182
183
#########
181
224
#########
181
184
#########
183
227
#########
156
186
188
#########
185
187
#########
186
190
#########
158
185
189
191
#########
188
190
#########
187
189
193
#########
160
188
192
194
#########
191
193
#########
190
192
196
#########
162
191
195
197
#########
194
196
#########
193
195
199
#########
164
194
198
200
#########
197
199
#########
196
198
202
#########
166
197
201
203
#########
200
202
#########
199
201
205
#########
168
200
204
206
#########
203
205
#########
202
204
208
#########
170
203
207
209
#########
206
208
#########
205
207
211
#########
172
206
210
212
#########
209
211
#########
208
210
214
#########
174
209
213
215
#########
212
214
#########
211
213
217
#########
176
212
216
218
#########
215
217
#########
214
216
220
#########
178
215
219
221
#########
218
220
#########
217
219
223
#########
180
218
222
224
#########
221
223
#########
220
222
226
#########
182
221
225
227
#########
224
226
#########
223
225
229
#########
184
224
228
#########
227
229
#########
226
228
#########
231
233
#########
230
232
#########
231
235
269
#########
230
234
236
#########
233
235
#########
232
234
238
271
#########
233
237
239
#########
236
238
#########
235
237
241
273
#########
236
240
242
#########
239
241
#########
238
240
244
275
#########
239
243
245
#########
242
244
#########
241
243
247
277
#########
242
246
248
#########
245
247
#########
244
246
250
279
#########
245
249
251
#########
248
250
#########
247
249
253
281
#########
248
252
254
#########
251
253
#########
250
252
256
283
#########
251
255
257
#########
254
256
#########
253
255
259
285
#########
254
258
260
#########
257
259
#########
256
258
262
287
#########
257
261
263
#########
260
262
#########
259
261
265
289
#########
260
264
266
#########
263
265
#########
262
264
268
291
#########
263
267
269
#########
266
268
#########
265
267
271
293
#########
232
270
#########
269
272
308
#########
235
272
#########
270
271
274
310
#########
238
274
#########
272
273
276
312
#########
241
276
#########
274
275
278
314
#########
244
278
#########
276
277
280
316
#########
247
280
#########
278
279
282
318
#########
250
282
#########
280
281
284
320
#########
253
284
#########
282
283
286
322
#########
256
286
#########
284
285
288
324
#########
259
288
#########
286
287
290
326
#########
262
290
#########
288
289
292
328
#########
265
292
#########
290
291
294
330
#########
268
294
296
#########
293
295
#########
292
294
298
332
#########
293
297
299
#########
296
298
#########
295
297
301
334
#########
296
300
#########
299
301
#########
298
300
302
336
#########
301
303
338
#########
302
304
340
#########
303
305
342
#########
304
306
344
#########
305
307
346
#########
306
348
#########
270
309
#########
308
311
360
#########
272
311
#########
309
310
313
365
#########
274
313
#########
311
312
315
370
#########
276
315
#########
313
314
317
375
#########
278
317
#########
315
316
319
#########
280
319
#########
317
318
321
#########
282
321
#########
319
320
323
#########
284
323
#########
321
322
325
#########
286
325
#########
323
324
327
#########
288
327
#########
325
326
329
#########
290
329
#########
327
328
331
#########
292
331
#########
329
330
333
#########
295
333
#########
331
332
335
#########
298
335
#########
333
334
337
#########
301
337
#########
335
336
339
#########
302
339
#########
337
338
341
#########
303
341
#########
339
340
343
#########
304
343
#########
341
342
345
#########
305
345
#########
343
344
347
#########
306
347
#########
345
346
348
#########
307
349
#########
347
348
#########
351
355
#########
350
352
#########
351
353
357
#########
352
354
#########
353
359
#########
350
356
360
#########
355
357
#########
352
356
358
362
#########
357
359
#########
354
358
364
#########
309
355
361
365
#########
360
362
#########
357
361
363
367
#########
362
364
#########
359
363
369
#########
311
360
366
370
#########
365
367
#########
362
366
368
372
#########
367
369
#########
364
368
374
#########
313
365
371
375
#########
370
372
#########
367
371
373
377
#########
371
373
#########
369
373
379
#########
315
370
376
#########
375
377
#########
372
376
378
#########
376
378
#########
374
378
#########
381
383
#########
380
382
#########
381
385
#########
380
384
386
#########
383
385
#########
382
384
388
#########
383
387
389
#########
386
388
#########
385
387
391
#########
386
390
392
#########
389
391
#########
388
390
394
#########
389
393
395
#########
392
394
#########
391
393
397
#########
392
396
398
#########
395
397
#########
394
396
400
#########
395
399
401
#########
398
400
#########
397
399
403
#########
398
402
404
#########
401
403
#########
400
402
406
#########
401
405
407
#########
404
406
#########
403
405
409
#########
404
408
410
#########
407
409
#########
406
408
412
#########
407
411
413
#########
410
412
#########
409
411
415
#########
410
414
#########
413
415
#########
412
414
446
#########
417
419
#########
416
418
#########
417
421
#########
416
420
422
#########
419
421
#########
418
420
424
#########
419
423
425
#########
422
424
#########
421
423
427
#########
422
426
428
#########
425
427
#########
424
426
430
#########
425
429
431
#########
428
430
#########
427
429
433
#########
428
432
434
#########
431
433
#########
430
432
436
#########
431
435
437
#########
434
436
#########
433
435
439
#########
434
438
440
#########
437
439
#########
436
438
442
#########
437
441
443
#########
440
442
#########
439
441
445
#########
440
444
446
#########
443
445
#########
442
444
448
#########
443
447
449
#########
446
448
#########
445
447
451
#########
446
450
452
#########
449
450
#########
448
450
454
#########
449
453
#########
452
454
#########
451
453
#########